1
2
3
4
5
6
7
8
9
10
11
12
13
14
15
16
17
18
19
20
21
22
23
24
25
26
27
28
29
32
33
34
35
38
39
44
45
48
49
50
51
54
55
56
57
63
64
65
68
69
75
76
77
80
84
87
90
91
95
98
99
104
114
115
116
119
120
125
132
135
143
144
152
153
160
161
168
169
170
174
175
189
195
203
207
208
209
220
224
230
231
242
252
255
260
272
275
285
288
289
299
319
322
323
324
342
350
351
360
363
374
377
384
390
391
399
405
440
441
455
459
475
483
493
494
506
512
528
539
550
551
560
575
594
608
624
637
675
714
725
728
735
759
782
783
832
840
874
896
935
968
1000
1014
1044
1088
1104
1155
1196
1215
1224
1274
1275
1287
1330
1444
1449
1495
1520
1539
1595
1624
1682
1700
1715
1728
1862
2000
2001
2023
2024
2057
2079
2175
2184
2204
2261
2299
2375
2400
2430
2431
2464
2499
2600
2639
2645
2736
2754
2783
2925
3024
3059
3135
3248
3249
3380
3450
3509
3519
3887
4095
4199
4224
4374
4640
4692
4760
4784
4900
4913
5082
5103
5775
5831
5887
5915
5928
5984
6174
6655
6669
6859
7105
7424
7865
7888
8280
8624
8670
9800
9801
10240
10556
10625
10647
10829
11270
11339
11661
12005
12167
12375
12635
12672
13224
13310
13311
13376
13455
14079
14364
14399
16928
19227
19550
20735
21504
21735
23275
23408
23750
24794
25024
25839
25920
26999
27455
28560
28899
30624
30855
31212
35321
37179
43263
43680
47124
52325
53360
71874
72500
75140
76544
83520
87464
89375
104328
104975
122451
123200
126224
136850
152880
158949
165375
166634
168750
176000
176175
184092
194480
202124
228095
240786
244035
264384
282624
303600
328509
336140
410669
418760
601425
613088
633555
709631
949025
1163799
1235168
1243839
1625624
1852200
2023424
2697695
4004000
4090624
4096575
5142500
5909760
8268799
10556000
11859210
18085704
96059600
177182720
