1
2
3
4
5
6
7
8
9
10
11
12
13
14
15
16
17
18
19
20
21
22
23
24
25
26
27
28
29
30
31
32
33
34
35
36
37
38
39
44
45
48
49
50
51
54
55
56
57
62
63
64
65
68
69
74
75
76
77
80
84
87
90
91
92
95
98
99
104
110
111
114
115
116
119
120
124
125
132
135
143
144
147
152
153
154
155
160
161
168
169
170
174
175
184
185
186
189
195
203
207
208
209
216
220
221
224
230
231
242
247
252
255
259
260
272
275
279
285
288
289
296
299
319
322
323
324
340
341
342
350
351
360
363
374
377
384
390
391
399
405
406
407
434
440
441
455
459
464
475
480
483
493
494
495
506
512
527
528
539
550
551
560
575
588
594
608
620
624
629
637
650
665
666
675
702
703
713
714
725
728
735
740
759
782
783
805
832
836
840
850
867
874
896
899
924
930
935
960
961
968
999
1000
1014
1023
1035
1044
1053
1088
1104
1155
1183
1196
1209
1215
1224
1274
1275
1287
1295
1330
1331
1364
1368
1425
1443
1444
1449
1479
1495
1518
1519
1520
1539
1595
1624
1664
1665
1682
1700
1701
1715
1728
1767
1859
1862
1924
2000
2001
2015
2023
2024
2057
2079
2108
2145
2175
2184
2204
2232
2261
2294
2299
2375
2400
2430
2431
2464
2499
2552
2600
2639
2645
2736
2737
2754
2783
2849
2925
2944
2975
3024
3059
3135
3145
3219
3248
3249
3255
3366
3380
3450
3509
3519
3552
3564
3625
3626
3750
3773
3875
3887
3968
4095
4185
4199
4224
4255
4374
4624
4640
4692
4760
4784
4900
4913
4959
4991
5082
5103
5290
5291
5439
5624
5642
5775
5796
5831
5887
5915
5928
5984
6075
6137
6174
6292
6324
6479
6655
6669
6727
6859
6992
7104
7105
7424
7656
7695
7865
7888
7904
7935
8091
8280
8463
8525
8624
8670
8959
8990
9176
9250
9360
9424
9800
9801
10240
10556
10625
10647
10692
10829
10880
11270
11339
11661
11780
11913
11934
12005
12121
12167
12320
12375
12635
12672
13224
13299
13310
13311
13376
13454
13455
13689
13949
14079
14364
14399
14651
15624
15872
16169
16575
16928
17204
17575
17576
18240
19227
19250
19343
19499
19550
19683
19964
20349
20735
21141
21504
21735
22815
23199
23275
23374
23408
23715
23750
24024
24794
25024
25839
25920
26010
26999
27404
27455
28560
28749
28860
28899
29600
29791
30624
30855
31212
31464
31899
32798
33263
34224
34595
35321
35815
37179
37961
38961
41261
41514
42624
42687
43263
43400
43680
44954
45695
47124
47915
48840
49010
49247
50024
52325
53360
55055
56202
58310
60605
67599
68782
71484
71874
72500
75140
76544
77440
78336
78624
80919
82620
83520
85063
87464
88319
89375
93092
93499
96875
98735
102486
104328
104975
108375
108779
108927
111320
111475
116280
116963
117623
120175
122264
122451
123200
126224
136850
143374
152880
155584
156065
158949
161874
164835
165375
165648
166634
168750
174096
175769
176000
176175
178125
184092
190463
194480
198911
202124
207575
208494
212381
227069
227447
228095
240064
240786
244035
245024
254448
260337
264384
268800
278783
282624
285417
288144
303600
314432
319124
328509
336140
348725
360639
378879
390165
410669
418760
443555
446368
453375
459172
466829
469567
494208
509795
601425
613088
633555
675583
709631
773604
777924
787175
812889
837199
863939
912950
923520
949025
986271
999999
1055240
1147124
1154439
1163799
1235168
1243839
1255500
1341249
1510784
1594175
1625624
1763124
1771560
1852200
2023424
2085135
2307360
2310399
2345056
2417875
2560844
2598399
2697695
2772224
2893400
3206268
3301375
3346109
3897165
3930399
4004000
4090624
4096575
4765599
5142500
5538974
5909760
6615674
6770555
7104999
7474999
7491168
8268799
10556000
11859210
13147875
14080572
14753024
16092999
18085704
21386000
27994680
50481024
71843750
76271624
80061344
96059600
133919999
177182720
181037024
308915775
370256249
1611308699
3463199999
