1
2
3
4
5
6
7
8
9
10
11
12
13
14
15
16
17
18
19
20
21
22
23
24
25
26
27
28
29
30
31
32
33
34
35
36
37
38
39
40
41
44
45
48
49
50
51
54
55
56
57
62
63
64
65
68
69
74
75
76
77
80
81
84
87
90
91
92
95
98
99
104
110
111
114
115
116
119
120
123
124
125
132
135
143
144
147
152
153
154
155
160
161
164
168
169
170
174
175
184
185
186
189
195
203
204
207
208
209
216
220
221
224
230
231
242
245
246
247
252
255
259
260
272
275
279
285
286
287
288
289
296
299
319
322
323
324
340
341
342
350
351
360
363
368
369
374
377
384
390
391
399
405
406
407
434
440
441
450
455
459
464
475
480
483
492
493
494
495
506
512
527
528
532
539
550
551
560
574
575
588
594
608
615
620
624
629
637
650
665
666
675
696
702
703
713
714
725
728
735
740
759
779
782
783
805
819
832
836
840
850
867
874
896
899
924
930
935
960
961
968
999
1000
1014
1023
1024
1025
1035
1044
1053
1088
1104
1147
1155
1183
1188
1189
1196
1209
1215
1224
1274
1275
1287
1295
1311
1330
1331
1352
1364
1368
1394
1425
1443
1444
1449
1479
1495
1517
1518
1519
1520
1539
1595
1599
1624
1664
1665
1680
1681
1682
1700
1701
1715
1728
1767
1804
1859
1862
1885
1886
1924
2000
2001
2015
2023
2024
2057
2079
2090
2108
2145
2175
2184
2204
2232
2254
2261
2294
2295
2299
2375
2400
2430
2431
2464
2499
2541
2552
2583
2600
2624
2639
2645
2664
2736
2737
2754
2783
2849
2870
2925
2944
2975
3024
3059
3135
3145
3219
3248
3249
3255
3366
3380
3450
3509
3519
3552
3564
3625
3626
3689
3750
3772
3773
3875
3887
3968
4059
4095
4185
4199
4224
4255
4263
4374
4550
4624
4640
4674
4692
4760
4784
4900
4913
4920
4959
4960
4991
5082
5083
5103
5290
5291
5439
5576
5624
5642
5775
5796
5831
5887
5915
5928
5984
6068
6075
6137
6174
6272
6292
6324
6479
6560
6600
6655
6669
6727
6859
6929
6992
7104
7105
7175
7215
7424
7656
7695
7749
7865
7888
7904
7935
8091
8280
8463
8525
8568
8624
8670
8855
8959
8990
9176
9250
9360
9424
9471
9800
9801
10044
10240
10373
10556
10625
10647
10659
10692
10829
10880
11270
11339
11439
11661
11780
11913
11934
12005
12121
12167
12320
12375
12635
12672
13224
13299
13310
13311
13376
13454
13455
13689
13775
13949
14079
14144
14364
14399
14651
14800
15375
15456
15624
15872
16169
16399
16523
16575
16605
16928
17204
17424
17575
17576
17835
17917
18240
19227
19250
19343
19499
19550
19683
19720
19844
19964
20349
20735
21141
21504
21735
22099
22385
22815
23000
23199
23275
23374
23408
23715
23750
24024
24149
24272
24794
25024
25839
25920
26010
26999
27404
27455
27675
28125
28560
28749
28860
28899
29232
29600
29601
29791
30380
30624
30855
31212
31464
31487
31899
32798
32799
33263
34224
34595
35321
35815
37179
37961
38961
40425
40959
41040
41261
41327
41514
41615
42624
42687
43263
43400
43680
44954
45695
46207
47124
47150
47915
48749
48840
49010
49247
50024
52325
52479
53360
53504
55055
56202
56375
58310
60515
60605
61008
63426
63713
64124
67599
68782
70356
71484
71874
72500
75140
76383
76544
76874
77440
78336
78624
80919
81344
81548
81795
82368
82620
82943
83520
85063
87464
88319
89375
91839
93092
93499
96875
98735
101269
102486
103155
103935
104328
104975
106190
108375
108779
108927
111320
111475
116280
116963
117623
120175
121770
122264
122451
123200
126224
130339
134849
136160
136850
142884
143374
151249
152684
152880
153790
155584
156065
156332
158949
161874
164835
165375
165648
166634
168750
174096
174824
175769
176000
176175
178125
184092
186591
190463
194480
198911
202124
203319
207575
208494
212380
212381
227069
227447
228095
228780
240064
240786
243048
244035
245024
254448
260337
264384
268800
275807
278783
282624
284375
285417
288144
303600
314432
319124
328509
330624
336140
348725
360639
378879
386630
389499
390165
395199
410669
412090
418760
432344
443555
446368
453375
453870
459172
461824
466088
466829
469567
476748
482447
494208
509795
524799
536238
589743
601425
610203
613088
633555
638000
643125
675583
679041
709631
728364
769119
773604
777924
787175
798720
812889
837199
863939
912950
923520
949025
986271
999999
1011839
1048575
1050624
1055240
1082564
1104375
1147124
1152920
1154439
1163799
1205645
1235168
1243839
1255500
1294370
1319625
1341249
1362635
1413720
1437500
1510784
1536639
1594175
1600312
1625624
1729749
1739999
1763124
1771560
1852200
1946720
2023424
2085135
2185299
2267915
2304323
2307360
2310399
2345056
2351349
2417875
2560844
2598399
2697695
2772224
2825760
2829123
2893400
3063807
3206268
3301375
3331250
3346109
3453839
3556995
3897165
3930399
4004000
4090624
4096575
4588310
4765599
5142500
5267024
5538974
5909760
6615674
6770555
7104999
7474999
7491168
8268799
9174815
9222499
9458085
10491039
10556000
11859210
13147875
13745536
14080572
14235528
14753024
16092999
18085704
19826575
21386000
24601599
25836888
25872147
27005264
27994680
30138075
30944913
32517264
36315135
40750801
41808150
43075584
50481024
71843750
76271624
80061344
85459374
96059600
119094299
132663167
133919999
177182720
181037024
293635440
308915775
370256249
415704575
876219200
1075774400
1611308699
3463199999
45105689160
63927525375
