1
2
3
4
5
6
7
8
9
10
11
12
13
14
15
16
17
18
19
20
21
22
23
24
25
26
27
28
29
30
31
32
33
34
35
36
37
38
39
40
41
42
43
44
48
49
50
54
55
56
62
63
64
68
74
75
76
80
84
85
86
90
91
98
110
114
115
119
123
124
128
143
152
153
154
160
168
169
170
174
184
185
203
207
208
215
220
230
245
246
258
259
285
286
287
288
299
322
323
340
341
342
343
350
368
390
405
406
440
492
493
494
527
550
558
559
574
644
665
702
713
782
960
988
999
1023
1024
1188
1274
1330
1331
1332
1375
1443
1517
1518
1519
1664
1680
1681
1700
1804
1848
1885
2000
2023
2106
2107
2294
2430
2664
2736
2924
3248
3625
3772
4255
4900
4959
5082
5289
5290
7104
9800
10878
10879
11438
13310
13454
17575
29600
32798
134848
212380
