1
2
3
4
5
6
7
8
9
10
11
12
13
14
15
16
17
18
19
20
21
22
23
24
25
26
27
32
33
34
35
38
39
44
45
48
49
50
51
54
55
56
63
64
65
68
69
75
76
77
80
84
90
91
95
98
99
104
114
119
120
125
132
135
143
152
153
160
161
168
169
170
175
189
195
207
208
209
220
224
230
242
252
255
272
275
285
288
299
322
323
324
342
350
351
360
363
374
384
390
391
399
440
441
455
459
475
483
494
506
512
528
539
560
575
594
624
675
714
728
735
759
832
874
896
935
968
1000
1088
1104
1155
1196
1215
1224
1274
1287
1330
1444
1495
1520
1539
1700
1715
1728
1862
2023
2024
2057
2079
2184
2299
2375
2400
2430
2431
2499
2600
2645
2736
2925
3024
3059
3135
3249
3380
3519
3887
4095
4199
4224
4374
4692
4760
4913
5082
5775
5831
5928
5984
6174
6655
6859
7865
8280
8624
9800
10240
10625
10647
10829
11270
11661
12167
12375
12635
13376
14079
14364
14399
16928
19550
21504
21735
23275
23408
25024
25920
27455
28560
28899
31212
37179
43263
43680
52325
71874
75140
76544
89375
104328
104975
122451
123200
126224
152880
165375
194480
202124
228095
264384
282624
328509
336140
601425
633555
709631
2023424
4096575
5142500
5909760
11859210
