1
2
3
4
5
6
7
8
9
10
11
12
13
14
15
16
17
18
19
20
21
22
23
24
25
26
27
28
29
30
31
32
33
34
35
36
37
38
39
40
41
42
43
44
45
46
47
48
49
50
51
52
53
54
55
56
57
62
63
64
65
68
69
74
75
76
77
80
81
84
85
86
87
90
91
92
93
94
95
98
99
104
105
110
111
114
115
116
119
120
123
124
125
128
129
132
135
140
143
144
147
152
153
154
155
159
160
161
164
168
169
170
171
174
175
184
185
186
187
188
189
195
203
204
207
208
209
215
216
220
221
224
230
231
234
242
245
246
247
252
255
258
259
260
264
265
272
275
279
285
286
287
288
289
296
299
300
318
319
322
323
324
328
329
340
341
342
343
344
350
351
360
363
368
369
370
371
374
375
376
377
384
390
391
399
405
406
407
423
424
429
434
440
441
450
455
459
464
475
476
480
483
492
493
494
495
506
512
516
517
527
528
529
532
539
550
551
558
559
560
574
575
588
594
608
611
615
620
624
629
636
637
644
645
650
665
666
675
688
689
696
702
703
704
713
714
725
728
735
740
741
759
774
779
782
783
798
799
805
816
819
832
836
840
845
846
847
850
860
867
874
896
899
900
901
902
924
930
935
945
960
961
968
986
987
988
989
999
1000
1007
1014
1023
1024
1025
1034
1035
1044
1053
1080
1088
1104
1127
1147
1155
1160
1175
1183
1188
1189
1196
1209
1215
1218
1221
1224
1247
1271
1274
1275
1287
1295
1311
1325
1330
1331
1332
1333
1352
1363
1364
1368
1375
1376
1377
1394
1425
1430
1443
1444
1449
1456
1457
1462
1479
1484
1495
1504
1517
1518
1519
1520
1536
1539
1547
1550
1590
1595
1598
1599
1624
1664
1665
1680
1681
1682
1700
1701
1715
1728
1739
1748
1749
1763
1767
1785
1804
1805
1848
1849
1855
1859
1862
1880
1885
1886
1924
1935
1960
2000
2001
2014
2015
2023
2024
2057
2067
2079
2090
2106
2107
2108
2115
2145
2175
2184
2204
2208
2209
2232
2254
2255
2261
2279
2294
2295
2299
2303
2331
2349
2365
2375
2400
2430
2431
2450
2464
2499
2541
2552
2583
2584
2600
2624
2639
2645
2664
2665
2703
2736
2737
2754
2755
2783
2808
2820
2849
2870
2914
2915
2924
2925
2944
2960
2967
2975
3024
3059
3074
3135
3145
3179
3219
3224
3248
3249
3255
3267
3289
3311
3366
3380
3392
3440
3444
3450
3509
3519
3525
3552
3564
3625
3626
3654
3689
3740
3750
3772
3773
3807
3875
3887
3968
3995
3999
4059
4080
4095
4185
4199
4224
4255
4256
4263
4277
4292
4300
4346
4370
4374
4464
4465
4550
4557
4624
4640
4674
4692
4760
4773
4784
4875
4900
4901
4913
4920
4928
4929
4959
4960
4991
5031
5075
5082
5083
5103
5202
5247
5264
5289
5290
5291
5300
5375
5405
5439
5452
5499
5565
5576
5589
5624
5642
5719
5775
5780
5796
5830
5831
5887
5915
5928
5984
6068
6075
6137
6148
6149
6174
6200
6250
6272
6292
6324
6479
6560
6578
6579
6600
6624
6655
6664
6669
6720
6727
6783
6859
6929
6992
7049
7104
7105
7175
7191
7215
7224
7314
7395
7424
7524
7567
7568
7656
7695
7749
7790
7843
7865
7888
7904
7935
7942
7955
8036
8084
8091
8177
8214
8280
8427
8463
8525
8568
8624
8648
8670
8694
8788
8815
8835
8855
8959
8990
9009
9024
9176
9250
9360
9424
9471
9503
9540
9632
9728
9775
9800
9801
9804
9889
9963
9975
10044
10175
10199
10240
10335
10373
10387
10449
10527
10556
10625
10647
10659
10692
10829
10878
10879
10880
11024
11136
11270
11339
11374
11395
11438
11439
11500
11609
11655
11660
11661
11766
11780
11890
11913
11934
12005
12121
12167
12320
12341
12375
12614
12635
12672
12690
12825
12879
13090
13224
13243
13299
13310
13311
13356
13376
13454
13455
13689
13717
13727
13775
13832
13888
13949
14079
14104
14144
14364
14399
14415
14534
14651
14663
14800
14993
15092
15180
15210
15317
15375
15456
15624
15651
15872
15979
16120
16168
16169
16399
16523
16575
16605
16640
16928
17199
17204
17225
17328
17342
17390
17424
17457
17500
17544
17575
17576
17577
17765
17835
17917
18095
18125
18240
18444
18490
18655
18791
18920
18941
19227
19239
19250
19343
19499
19550
19551
19683
19720
19844
19964
19980
20124
20349
20424
20735
21141
21199
21384
21385
21504
21735
22015
22099
22230
22274
22385
22736
22747
22815
23000
23001
23124
23199
23275
23373
23374
23408
23715
23750
23828
23902
24024
24149
24167
24272
24299
24380
24768
24794
24804
24863
24909
25024
25584
25599
25839
25920
26010
26649
26978
26999
27047
27347
27404
27454
27455
27675
27824
27930
27950
28125
28560
28566
28576
28594
28749
28860
28899
29232
29240
29325
29375
29574
29600
29601
29791
29970
30315
30380
30624
30855
31160
31212
31217
31349
31433
31464
31487
31899
32383
32759
32798
32799
32912
33124
33263
33669
33813
34224
34595
34874
34968
35321
35343
35672
35720
35775
35815
36162
36464
36517
36518
36800
37179
37259
37323
37925
37961
38399
38570
38961
39150
39215
39325
40204
40425
40959
41040
41261
41327
41514
41552
41615
41624
41876
42159
42483
42624
42687
43263
43400
43680
43757
43992
44505
44573
44649
44891
44954
45632
45695
46207
46375
46529
46655
47124
47150
47328
47385
47600
47915
48174
48503
48749
48762
48840
49010
49247
49725
49979
50024
50336
50430
50653
52029
52325
52416
52479
52576
53360
53504
53750
54144
55055
55384
56202
56375
56869
57239
57399
58310
58564
58608
58652
58695
58995
59125
59643
59942
60515
60543
60605
61008
61335
61479
62698
62699
63426
63713
64124
64448
66091
66176
66975
67080
67424
67599
67914
68264
68634
68782
69874
70224
70356
70499
70875
71299
71484
71874
72239
72500
73185
73695
75140
75809
75999
76383
76531
76544
76704
76797
76874
77220
77314
77440
77571
77615
78336
78584
78624
79764
80135
80919
81344
81548
81795
82250
82368
82620
82943
83520
83979
85063
87450
87464
88319
88451
89375
89999
90364
90895
90944
91839
91884
93092
93499
94094
94299
94423
95081
96255
96875
98049
98685
98735
98900
99875
101269
101760
102486
103155
103935
104328
104975
105984
106190
106640
106742
108053
108240
108375
108779
108927
111111
111320
111475
111671
112995
115884
116280
116963
117623
117648
117875
118335
118580
119567
120175
120744
121770
122199
122264
122451
123200
123969
124032
125000
125874
126224
127280
129437
130339
131651
134848
134849
136160
136850
136899
137640
139655
140624
141375
142128
142884
142974
143259
143374
143819
144000
144584
144738
146015
147015
148665
151249
151293
152684
152880
153064
153790
155584
156065
156332
156519
157250
158014
158840
158949
161727
161874
162196
162239
162656
163184
164835
165375
165648
166634
167648
168750
169575
170624
170752
173900
174096
174824
175769
176000
176175
178125
179775
181202
184092
184704
185976
186591
190463
191807
192510
192511
193843
194480
194579
198911
201019
201824
202124
203319
203390
205436
206700
207575
208494
209456
212380
212381
212628
214225
216999
217671
218784
220374
223040
224720
226575
227069
227447
228095
228780
230299
230911
235467
240064
240499
240786
242990
243048
243164
244035
245024
245916
247455
247456
248675
248676
254448
254505
259160
260337
260709
262085
264384
267288
268191
268800
269451
270599
275561
275807
278783
279414
279840
282624
284375
285417
288144
291023
293045
294150
301599
303600
304325
310155
312480
313599
314432
315084
316250
319124
325380
328509
330624
336140
336973
338624
341549
342924
343914
344604
345506
346579
348687
348725
351231
352715
356642
358280
360639
361415
363527
369655
369984
373490
378879
379904
385236
386630
389499
390165
390224
391988
394009
395199
396864
405449
405768
406350
407835
410669
412090
416024
418760
419120
422576
427720
430559
431375
432344
436449
439263
443555
446368
453375
453870
456875
459172
459799
461824
463749
466088
466829
469567
474720
476748
478224
482447
487577
488565
489984
491877
493695
494208
495144
495615
496132
498575
501423
507528
509795
512000
512487
515871
518075
524799
527136
536238
540175
544824
549080
558656
561924
563549
587264
589743
589874
591260
601425
602822
609500
610203
611610
612255
613088
614384
622080
627095
631071
633555
638000
638400
640871
643125
649727
657305
658502
660114
660960
675583
676544
679041
688127
695266
709136
709631
715715
717408
728364
733149
763994
769119
773604
775124
776580
777924
779246
787175
788480
788799
790855
798720
799799
809999
811800
812889
813603
814928
833000
834272
837199
850135
852345
852929
862575
863939
864800
866761
867008
886445
887777
912950
919125
923520
924160
925100
947375
949025
955695
968575
974168
976143
978120
981824
986271
994014
999999
1008272
1011839
1031744
1048575
1050624
1055240
1057349
1071224
1082564
1096199
1103724
1104375
1114112
1114749
1143284
1147124
1152920
1154439
1163799
1187144
1205644
1205645
1212083
1213681
1217159
1228122
1233024
1233468
1235168
1235535
1241316
1243839
1255040
1255500
1269359
1273418
1294299
1294370
1302651
1319625
1324224
1331967
1341249
1344717
1359897
1362635
1370109
1402874
1413720
1437500
1442925
1459161
1460150
1462499
1472499
1510784
1515482
1518803
1536639
1594175
1600312
1608574
1625624
1634660
1643355
1649200
1652144
1691018
1708992
1729749
1739999
1763124
1770782
1771560
1774223
1776888
1815515
1818242
1820104
1821875
1852200
1860495
1893375
1896128
1916639
1922960
1946720
1951641
1973699
1980874
2001824
2023424
2055780
2064615
2067999
2076255
2085135
2121749
2122848
2162094
2185299
2220777
2267915
2276351
2285751
2304323
2307360
2310399
2345056
2350079
2351349
2397680
2404259
2417875
2468157
2547534
2553275
2556800
2560844
2592512
2598399
2613247
2697695
2756159
2758535
2766749
2772224
2804229
2812887
2821455
2825760
2829123
2893400
2926924
2962700
2988776
3031335
3059000
3063807
3102449
3107874
3116399
3156543
3162159
3206268
3258024
3301375
3331250
3342975
3346109
3418800
3430583
3453839
3520495
3556995
3578454
3681839
3685175
3699849
3742375
3757509
3832191
3864575
3894467
3897165
3912138
3930399
3939649
3995000
4004000
4020951
4060224
4090624
4096575
4243455
4324375
4375680
4439448
4443663
4448925
4492124
4526522
4588310
4688719
4712499
4731375
4765599
4812129
4860504
4879680
4987527
5085024
5134374
5142500
5267024
5319600
5344625
5370596
5420415
5479404
5538974
5541711
5551325
5909760
6159020
6292362
6362624
6458880
6615674
6677055
6702624
6770555
6813520
6978125
7047039
7102224
7104999
7153024
7240640
7255625
7313999
7331624
7474999
7491168
7590024
7696766
7727400
7728819
8035754
8070699
8268799
8282574
8319375
8497224
8555624
8577359
8797788
8889776
8912375
8934464
9005282
9064484
9170264
9174815
9217824
9222499
9345104
9458085
9611875
9901089
10000165
10088144
10491039
10556000
10575376
10932999
10962467
11156249
11394999
11465649
11690624
11859210
12323584
12662972
12890625
12973499
13147875
13463855
13466816
13644267
13745536
13994694
14011875
14019719
14080572
14169231
14235528
14330524
14365120
14574559
14753024
14786199
15039999
15054335
15709275
16092999
16190090
17065840
17229024
17657288
17903522
18002880
18085704
18113535
18264064
18366425
18703790
19826575
19936224
20422205
21386000
21844800
22095593
22653435
22708191
23508415
24019800
24022250
24295040
24334344
24601599
24822720
25124384
25836888
25872147
26044928
26862380
27005264
27181791
27448064
27550319
27839999
27984099
27994680
28800941
29834388
30138075
30139775
30323600
30533139
30827290
30944913
31904495
32032935
32517264
33669999
34000560
34028049
34686000
35412479
36315135
36695672
37429924
37810200
38526839
39345344
39540864
40750801
41808150
42788095
43075584
43283240
43663360
44321375
45395559
45759999
47018048
47053824
48140736
49667579
50270870
50398335
50481024
51009945
52450496
53206725
56319249
56744792
57274623
57328244
59181759
61501517
63513450
65875355
69512013
71843750
71868264
76271624
78008579
78125796
79384832
80061344
80314367
81538749
83480319
85459374
96059600
101273249
102263634
106846614
111257600
111598760
118352640
118374399
118671875
119094299
124091232
127177050
127439136
130850720
132663167
133919999
135889244
135978920
136835244
141433149
142416000
152989375
154466675
160784351
168702975
177182720
181037024
182827367
182857499
192469375
209644479
226987110
227613749
229856319
247645255
261436560
265298495
286013440
290642030
293635440
301327047
308915775
308950928
327877451
339578525
370256249
382241600
415704575
450620415
457318224
475611135
487530861
490145733
509489370
515732399
529046000
544899095
546343875
591130374
611969280
658831250
753777024
758508651
876219200
909512064
911062844
913038048
920577797
926288154
929166875
1018249595
1075774400
1136114784
1236843399
1333564323
1378808885
1611308699
1777331555
1851976191
1872390624
1949696000
3042467967
3199900599
3425443424
3463199999
3931164600
4971829247
7956981053
9515377949
11214979424
11311869659
18184252800
18487252224
37060485120
42088572000
45105689160
61234471935
61839752975
63927525375
93876912128
192459125000
235514148804
284582707199
421138799639
534326370336
629221188700
1109496723125
1453579866024
