1
2
3
4
5
6
7
8
9
10
11
12
13
14
15
16
17
18
19
20
21
22
23
24
25
26
27
28
29
30
31
32
33
34
35
36
37
38
39
40
41
42
43
44
45
46
47
48
49
50
51
52
53
54
55
56
57
58
62
63
64
68
74
75
76
80
84
85
86
90
91
92
93
94
98
104
110
114
115
116
117
118
119
123
124
128
143
152
153
154
159
160
168
169
170
174
175
184
185
186
187
188
203
207
208
215
220
230
234
245
246
258
259
264
285
286
287
288
294
295
299
318
322
323
328
340
341
342
343
350
368
369
370
374
375
376
390
405
406
423
440
475
492
493
494
516
527
528
529
530
531
550
558
559
574
588
636
644
648
649
665
688
702
703
713
740
782
798
845
846
899
900
901
943
944
960
986
987
988
999
1023
1024
1034
1120
1188
1274
1330
1331
1332
1363
1375
1376
1443
1456
1517
1518
1519
1598
1664
1680
1681
1700
1748
1804
1848
1885
1886
2000
2014
2023
2106
2107
2183
2208
2254
2294
2299
2418
2430
2583
2664
2736
2754
2914
2924
3008
3248
3362
3625
3772
4255
4464
4900
4928
4959
5074
5082
5289
5290
5780
5830
6136
6148
6578
6726
6783
6784
7104
7314
7567
8554
9800
10619
10878
10879
11438
11660
13310
13454
13688
16168
17050
17575
17576
19550
19941
21384
23000
23373
27434
27454
29600
31211
32798
36517
37582
46137
55223
62698
63425
134848
192510
212380
247455
248675
956448
1205644
