1
2
3
4
5
6
7
8
9
10
11
12
13
14
15
16
17
18
19
20
21
22
23
24
25
26
27
28
29
30
31
32
33
34
35
38
39
44
45
48
49
50
51
54
55
56
57
62
63
64
65
68
69
75
76
77
80
84
87
90
91
92
95
98
99
104
114
115
116
119
120
124
125
132
135
143
144
152
153
154
155
160
161
168
169
170
174
175
186
189
195
203
207
208
209
216
220
224
230
231
242
247
252
255
260
272
275
279
285
288
289
299
319
322
323
324
340
341
342
350
351
360
363
374
377
384
390
391
399
405
434
440
441
455
459
464
475
483
493
494
495
506
512
527
528
539
550
551
560
575
588
594
608
620
624
637
650
675
713
714
725
728
735
759
782
783
805
832
836
840
867
874
896
899
930
935
960
968
1000
1014
1023
1044
1053
1088
1104
1155
1196
1209
1215
1224
1274
1275
1287
1330
1364
1425
1444
1449
1495
1518
1519
1520
1539
1595
1624
1682
1700
1715
1728
1767
1859
1862
2000
2001
2015
2023
2024
2057
2079
2175
2184
2204
2232
2261
2299
2375
2400
2430
2431
2464
2499
2600
2639
2645
2736
2754
2783
2925
2944
2975
3024
3059
3135
3248
3249
3380
3450
3509
3519
3564
3750
3875
3887
3968
4095
4185
4199
4224
4374
4640
4692
4760
4784
4900
4913
4959
4991
5082
5103
5642
5775
5796
5831
5887
5915
5928
5984
6075
6137
6174
6292
6324
6479
6655
6669
6727
6859
7105
7424
7656
7865
7888
7904
7935
8091
8280
8463
8525
8624
8670
8959
9424
9800
9801
10240
10556
10625
10647
10829
10880
11270
11339
11661
11780
11934
12005
12121
12167
12375
12635
12672
13224
13299
13310
13311
13376
13454
13455
14079
14364
14399
15624
16928
17576
19227
19250
19343
19550
19964
20735
21141
21504
21735
22815
23275
23374
23408
23715
23750
24024
24794
25024
25839
25920
26999
27404
27455
28560
28899
29791
30624
30855
31212
31464
31899
32798
35321
37179
41261
42687
43263
43680
47124
49010
52325
53360
58310
71874
72500
75140
76544
78336
83520
87464
89375
96875
98735
102486
104328
104975
108375
111320
111475
116280
116963
122264
122451
123200
126224
136850
152880
158949
165375
166634
168750
174096
175769
176000
176175
178125
184092
190463
194480
202124
207575
212381
227447
228095
240064
240786
244035
245024
260337
264384
268800
278783
282624
288144
303600
314432
328509
336140
410669
418760
453375
459172
509795
601425
613088
633555
709631
773604
863939
912950
949025
1147124
1154439
1163799
1235168
1243839
1255500
1594175
1625624
1852200
2023424
2307360
2310399
2345056
2697695
3206268
3301375
3346109
3897165
4004000
4090624
4096575
5142500
5909760
8268799
10556000
11859210
14753024
16092999
18085704
76271624
80061344
96059600
133919999
177182720
181037024
370256249
1611308699
